2022/09/11-20:38:30.015029 206f272c0 RocksDB version: 6.12.7
2022/09/11-20:38:30.015539 206f272c0 Git sha rocksdb_build_git_sha:@0@
2022/09/11-20:38:30.015542 206f272c0 Compile date Jul 27 2021
2022/09/11-20:38:30.015562 206f272c0 DB SUMMARY
2022/09/11-20:38:30.015564 206f272c0 DB Session ID:  W9C8BCKYFJ72F8R65RXC
2022/09/11-20:38:30.015629 206f272c0 SST files in /Users/lijun/IC/homework2/.dfx/state/replicated_state/node-100/ic_consensus_pool/consensus dir, Total Num: 0, files: 
2022/09/11-20:38:30.015633 206f272c0 Write Ahead Log file in /Users/lijun/IC/homework2/.dfx/state/replicated_state/node-100/ic_consensus_pool/consensus: 
2022/09/11-20:38:30.015635 206f272c0                         Options.error_if_exists: 0
2022/09/11-20:38:30.015637 206f272c0                       Options.create_if_missing: 1
2022/09/11-20:38:30.015638 206f272c0                         Options.paranoid_checks: 1
2022/09/11-20:38:30.015638 206f272c0                                     Options.env: 0x104e04488
2022/09/11-20:38:30.015640 206f272c0                                      Options.fs: Posix File System
2022/09/11-20:38:30.015641 206f272c0                                Options.info_log: 0x7feb3ef3b4e0
2022/09/11-20:38:30.015642 206f272c0                Options.max_file_opening_threads: 16
2022/09/11-20:38:30.015642 206f272c0                              Options.statistics: 0x0
2022/09/11-20:38:30.015643 206f272c0                               Options.use_fsync: 1
2022/09/11-20:38:30.015644 206f272c0                       Options.max_log_file_size: 0
2022/09/11-20:38:30.015645 206f272c0                  Options.max_manifest_file_size: 1073741824
2022/09/11-20:38:30.015646 206f272c0                   Options.log_file_time_to_roll: 0
2022/09/11-20:38:30.015647 206f272c0                       Options.keep_log_file_num: 1000
2022/09/11-20:38:30.015647 206f272c0                    Options.recycle_log_file_num: 0
2022/09/11-20:38:30.015648 206f272c0                         Options.allow_fallocate: 1
2022/09/11-20:38:30.015649 206f272c0                        Options.allow_mmap_reads: 0
2022/09/11-20:38:30.015650 206f272c0                       Options.allow_mmap_writes: 0
2022/09/11-20:38:30.015650 206f272c0                        Options.use_direct_reads: 0
2022/09/11-20:38:30.015651 206f272c0                        Options.use_direct_io_for_flush_and_compaction: 0
2022/09/11-20:38:30.015652 206f272c0          Options.create_missing_column_families: 1
2022/09/11-20:38:30.015653 206f272c0                              Options.db_log_dir: 
2022/09/11-20:38:30.015653 206f272c0                                 Options.wal_dir: /Users/lijun/IC/homework2/.dfx/state/replicated_state/node-100/ic_consensus_pool/consensus
2022/09/11-20:38:30.015654 206f272c0                Options.table_cache_numshardbits: 6
2022/09/11-20:38:30.015655 206f272c0                         Options.WAL_ttl_seconds: 0
2022/09/11-20:38:30.015656 206f272c0                       Options.WAL_size_limit_MB: 0
2022/09/11-20:38:30.015657 206f272c0                        Options.max_write_batch_group_size_bytes: 1048576
2022/09/11-20:38:30.015657 206f272c0             Options.manifest_preallocation_size: 4194304
2022/09/11-20:38:30.015658 206f272c0                     Options.is_fd_close_on_exec: 1
2022/09/11-20:38:30.015659 206f272c0                   Options.advise_random_on_open: 1
2022/09/11-20:38:30.015660 206f272c0                    Options.db_write_buffer_size: 0
2022/09/11-20:38:30.015661 206f272c0                    Options.write_buffer_manager: 0x7feb3ef3b440
2022/09/11-20:38:30.015661 206f272c0         Options.access_hint_on_compaction_start: 1
2022/09/11-20:38:30.015662 206f272c0  Options.new_table_reader_for_compaction_inputs: 0
2022/09/11-20:38:30.015663 206f272c0           Options.random_access_max_buffer_size: 1048576
2022/09/11-20:38:30.015664 206f272c0                      Options.use_adaptive_mutex: 0
2022/09/11-20:38:30.015664 206f272c0                            Options.rate_limiter: 0x0
2022/09/11-20:38:30.015666 206f272c0     Options.sst_file_manager.rate_bytes_per_sec: 0
2022/09/11-20:38:30.015667 206f272c0                       Options.wal_recovery_mode: 2
2022/09/11-20:38:30.015679 206f272c0                  Options.enable_thread_tracking: 0
2022/09/11-20:38:30.015680 206f272c0                  Options.enable_pipelined_write: 0
2022/09/11-20:38:30.015681 206f272c0                  Options.unordered_write: 0
2022/09/11-20:38:30.015682 206f272c0         Options.allow_concurrent_memtable_write: 1
2022/09/11-20:38:30.015683 206f272c0      Options.enable_write_thread_adaptive_yield: 1
2022/09/11-20:38:30.015683 206f272c0             Options.write_thread_max_yield_usec: 100
2022/09/11-20:38:30.015684 206f272c0            Options.write_thread_slow_yield_usec: 3
2022/09/11-20:38:30.015685 206f272c0                               Options.row_cache: None
2022/09/11-20:38:30.015686 206f272c0                              Options.wal_filter: None
2022/09/11-20:38:30.015698 206f272c0             Options.avoid_flush_during_recovery: 0
2022/09/11-20:38:30.015699 206f272c0             Options.allow_ingest_behind: 0
2022/09/11-20:38:30.015700 206f272c0             Options.preserve_deletes: 0
2022/09/11-20:38:30.015700 206f272c0             Options.two_write_queues: 0
2022/09/11-20:38:30.015701 206f272c0             Options.manual_wal_flush: 0
2022/09/11-20:38:30.015702 206f272c0             Options.atomic_flush: 0
2022/09/11-20:38:30.015703 206f272c0             Options.avoid_unnecessary_blocking_io: 0
2022/09/11-20:38:30.015704 206f272c0                 Options.persist_stats_to_disk: 0
2022/09/11-20:38:30.015704 206f272c0                 Options.write_dbid_to_manifest: 0
2022/09/11-20:38:30.015705 206f272c0                 Options.log_readahead_size: 0
2022/09/11-20:38:30.015706 206f272c0                 Options.file_checksum_gen_factory: Unknown
2022/09/11-20:38:30.015708 206f272c0                 Options.best_efforts_recovery: 0
2022/09/11-20:38:30.015709 206f272c0                Options.max_bgerror_resume_count: 2147483647
2022/09/11-20:38:30.015710 206f272c0            Options.bgerror_resume_retry_interval: 1000000
2022/09/11-20:38:30.015710 206f272c0             Options.max_background_jobs: 2
2022/09/11-20:38:30.015711 206f272c0             Options.max_background_compactions: -1
2022/09/11-20:38:30.015712 206f272c0             Options.max_subcompactions: 1
2022/09/11-20:38:30.015713 206f272c0             Options.avoid_flush_during_shutdown: 0
2022/09/11-20:38:30.015713 206f272c0           Options.writable_file_max_buffer_size: 1048576
2022/09/11-20:38:30.015714 206f272c0             Options.delayed_write_rate : 16777216
2022/09/11-20:38:30.015715 206f272c0             Options.max_total_wal_size: 0
2022/09/11-20:38:30.015716 206f272c0             Options.delete_obsolete_files_period_micros: 21600000000
2022/09/11-20:38:30.015717 206f272c0                   Options.stats_dump_period_sec: 600
2022/09/11-20:38:30.015717 206f272c0                 Options.stats_persist_period_sec: 600
2022/09/11-20:38:30.015718 206f272c0                 Options.stats_history_buffer_size: 1048576
2022/09/11-20:38:30.015719 206f272c0                          Options.max_open_files: -1
2022/09/11-20:38:30.015720 206f272c0                          Options.bytes_per_sync: 0
2022/09/11-20:38:30.015721 206f272c0                      Options.wal_bytes_per_sync: 0
2022/09/11-20:38:30.015722 206f272c0                   Options.strict_bytes_per_sync: 0
2022/09/11-20:38:30.015723 206f272c0       Options.compaction_readahead_size: 0
2022/09/11-20:38:30.015724 206f272c0                  Options.max_background_flushes: -1
2022/09/11-20:38:30.015724 206f272c0 Compression algorithms supported:
2022/09/11-20:38:30.016002 206f272c0 	kZSTD supported: 1
2022/09/11-20:38:30.016004 206f272c0 	kZlibCompression supported: 1
2022/09/11-20:38:30.016012 206f272c0 	kXpressCompression supported: 0
2022/09/11-20:38:30.016013 206f272c0 	kSnappyCompression supported: 1
2022/09/11-20:38:30.016014 206f272c0 	kZSTDNotFinalCompression supported: 1
2022/09/11-20:38:30.016015 206f272c0 	kLZ4HCCompression supported: 1
2022/09/11-20:38:30.016015 206f272c0 	kLZ4Compression supported: 1
2022/09/11-20:38:30.016016 206f272c0 	kBZip2Compression supported: 1
2022/09/11-20:38:30.016026 206f272c0 Fast CRC32 supported: Supported on x86
2022/09/11-20:38:30.016341 206f272c0 [db/db_impl/db_impl_open.cc:271] Creating manifest 1 
2022/09/11-20:38:30.016861 206f272c0 [db/version_set.cc:4560] Recovering from manifest file: /Users/lijun/IC/homework2/.dfx/state/replicated_state/node-100/ic_consensus_pool/consensus/MANIFEST-000001
2022/09/11-20:38:30.017175 206f272c0 [db/column_family.cc:580] --------------- Options for column family [default]:
2022/09/11-20:38:30.017177 206f272c0               Options.comparator: leveldb.BytewiseComparator
2022/09/11-20:38:30.017178 206f272c0           Options.merge_operator: None
2022/09/11-20:38:30.017179 206f272c0        Options.compaction_filter: None
2022/09/11-20:38:30.017180 206f272c0        Options.compaction_filter_factory: None
2022/09/11-20:38:30.017180 206f272c0  Options.sst_partitioner_factory: None
2022/09/11-20:38:30.017181 206f272c0         Options.memtable_factory: SkipListFactory
2022/09/11-20:38:30.017182 206f272c0            Options.table_factory: BlockBasedTable
2022/09/11-20:38:30.017202 206f272c0            table_factory options:   flush_block_policy_factory: FlushBlockBySizePolicyFactory (0x7feb3ef2fbb0)
  cache_index_and_filter_blocks: 0
  cache_index_and_filter_blocks_with_high_priority: 1
  pin_l0_filter_and_index_blocks_in_cache: 0
  pin_top_level_index_and_filter: 1
  index_type: 0
  data_block_index_type: 0
  index_shortening: 1
  data_block_hash_table_util_ratio: 0.750000
  hash_index_allow_collision: 1
  checksum: 1
  no_block_cache: 0
  block_cache: 0x7feb3ef3a4a8
  block_cache_name: LRUCache
  block_cache_options:
    capacity : 8388608
    num_shard_bits : 4
    strict_capacity_limit : 0
    memory_allocator : None
    high_pri_pool_ratio: 0.000
  block_cache_compressed: 0x0
  persistent_cache: 0x0
  block_size: 4096
  block_size_deviation: 10
  block_restart_interval: 16
  index_block_restart_interval: 1
  metadata_block_size: 4096
  partition_filters: 0
  use_delta_encoding: 1
  filter_policy: nullptr
  whole_key_filtering: 1
  verify_compression: 0
  read_amp_bytes_per_bit: 0
  format_version: 4
  enable_index_compression: 1
  block_align: 0
2022/09/11-20:38:30.017204 206f272c0        Options.write_buffer_size: 67108864
2022/09/11-20:38:30.017204 206f272c0  Options.max_write_buffer_number: 2
2022/09/11-20:38:30.017207 206f272c0          Options.compression: Snappy
2022/09/11-20:38:30.017207 206f272c0                  Options.bottommost_compression: Disabled
2022/09/11-20:38:30.017208 206f272c0       Options.prefix_extractor: nullptr
2022/09/11-20:38:30.017209 206f272c0   Options.memtable_insert_with_hint_prefix_extractor: nullptr
2022/09/11-20:38:30.017210 206f272c0             Options.num_levels: 7
2022/09/11-20:38:30.017211 206f272c0        Options.min_write_buffer_number_to_merge: 1
2022/09/11-20:38:30.017211 206f272c0     Options.max_write_buffer_number_to_maintain: 0
2022/09/11-20:38:30.017212 206f272c0     Options.max_write_buffer_size_to_maintain: 0
2022/09/11-20:38:30.017213 206f272c0            Options.bottommost_compression_opts.window_bits: -14
2022/09/11-20:38:30.017214 206f272c0                  Options.bottommost_compression_opts.level: 32767
2022/09/11-20:38:30.017214 206f272c0               Options.bottommost_compression_opts.strategy: 0
2022/09/11-20:38:30.017215 206f272c0         Options.bottommost_compression_opts.max_dict_bytes: 0
2022/09/11-20:38:30.017216 206f272c0         Options.bottommost_compression_opts.zstd_max_train_bytes: 0
2022/09/11-20:38:30.017217 206f272c0         Options.bottommost_compression_opts.parallel_threads: 1
2022/09/11-20:38:30.017218 206f272c0                  Options.bottommost_compression_opts.enabled: false
2022/09/11-20:38:30.017218 206f272c0            Options.compression_opts.window_bits: -14
2022/09/11-20:38:30.017219 206f272c0                  Options.compression_opts.level: 32767
2022/09/11-20:38:30.017220 206f272c0               Options.compression_opts.strategy: 0
2022/09/11-20:38:30.017221 206f272c0         Options.compression_opts.max_dict_bytes: 0
2022/09/11-20:38:30.017229 206f272c0         Options.compression_opts.zstd_max_train_bytes: 0
2022/09/11-20:38:30.017230 206f272c0         Options.compression_opts.parallel_threads: 1
2022/09/11-20:38:30.017231 206f272c0                  Options.compression_opts.enabled: false
2022/09/11-20:38:30.017232 206f272c0      Options.level0_file_num_compaction_trigger: 4
2022/09/11-20:38:30.017233 206f272c0          Options.level0_slowdown_writes_trigger: 20
2022/09/11-20:38:30.017233 206f272c0              Options.level0_stop_writes_trigger: 36
2022/09/11-20:38:30.017234 206f272c0                   Options.target_file_size_base: 67108864
2022/09/11-20:38:30.017235 206f272c0             Options.target_file_size_multiplier: 1
2022/09/11-20:38:30.017236 206f272c0                Options.max_bytes_for_level_base: 268435456
2022/09/11-20:38:30.017236 206f272c0 Options.level_compaction_dynamic_level_bytes: 0
2022/09/11-20:38:30.017238 206f272c0          Options.max_bytes_for_level_multiplier: 10.000000
2022/09/11-20:38:30.017239 206f272c0 Options.max_bytes_for_level_multiplier_addtl[0]: 1
2022/09/11-20:38:30.017240 206f272c0 Options.max_bytes_for_level_multiplier_addtl[1]: 1
2022/09/11-20:38:30.017241 206f272c0 Options.max_bytes_for_level_multiplier_addtl[2]: 1
2022/09/11-20:38:30.017242 206f272c0 Options.max_bytes_for_level_multiplier_addtl[3]: 1
2022/09/11-20:38:30.017242 206f272c0 Options.max_bytes_for_level_multiplier_addtl[4]: 1
2022/09/11-20:38:30.017243 206f272c0 Options.max_bytes_for_level_multiplier_addtl[5]: 1
2022/09/11-20:38:30.017244 206f272c0 Options.max_bytes_for_level_multiplier_addtl[6]: 1
2022/09/11-20:38:30.017245 206f272c0       Options.max_sequential_skip_in_iterations: 8
2022/09/11-20:38:30.017246 206f272c0                    Options.max_compaction_bytes: 1677721600
2022/09/11-20:38:30.017246 206f272c0                        Options.arena_block_size: 8388608
2022/09/11-20:38:30.017247 206f272c0   Options.soft_pending_compaction_bytes_limit: 68719476736
2022/09/11-20:38:30.017248 206f272c0   Options.hard_pending_compaction_bytes_limit: 274877906944
2022/09/11-20:38:30.017249 206f272c0       Options.rate_limit_delay_max_milliseconds: 100
2022/09/11-20:38:30.017250 206f272c0                Options.disable_auto_compactions: 0
2022/09/11-20:38:30.017251 206f272c0                        Options.compaction_style: kCompactionStyleLevel
2022/09/11-20:38:30.017252 206f272c0                          Options.compaction_pri: kMinOverlappingRatio
2022/09/11-20:38:30.017252 206f272c0 Options.compaction_options_universal.size_ratio: 1
2022/09/11-20:38:30.017253 206f272c0 Options.compaction_options_universal.min_merge_width: 2
2022/09/11-20:38:30.017254 206f272c0 Options.compaction_options_universal.max_merge_width: 4294967295
2022/09/11-20:38:30.017255 206f272c0 Options.compaction_options_universal.max_size_amplification_percent: 200
2022/09/11-20:38:30.017256 206f272c0 Options.compaction_options_universal.compression_size_percent: -1
2022/09/11-20:38:30.017257 206f272c0 Options.compaction_options_universal.stop_style: kCompactionStopStyleTotalSize
2022/09/11-20:38:30.017257 206f272c0 Options.compaction_options_fifo.max_table_files_size: 1073741824
2022/09/11-20:38:30.017258 206f272c0 Options.compaction_options_fifo.allow_compaction: 0
2022/09/11-20:38:30.017261 206f272c0                   Options.table_properties_collectors: 
2022/09/11-20:38:30.017262 206f272c0                   Options.inplace_update_support: 0
2022/09/11-20:38:30.017263 206f272c0                 Options.inplace_update_num_locks: 10000
2022/09/11-20:38:30.017264 206f272c0               Options.memtable_prefix_bloom_size_ratio: 0.000000
2022/09/11-20:38:30.017265 206f272c0               Options.memtable_whole_key_filtering: 0
2022/09/11-20:38:30.017265 206f272c0   Options.memtable_huge_page_size: 0
2022/09/11-20:38:30.017266 206f272c0                           Options.bloom_locality: 0
2022/09/11-20:38:30.017267 206f272c0                    Options.max_successive_merges: 0
2022/09/11-20:38:30.017268 206f272c0                Options.optimize_filters_for_hits: 0
2022/09/11-20:38:30.017275 206f272c0                Options.paranoid_file_checks: 0
2022/09/11-20:38:30.017276 206f272c0                Options.force_consistency_checks: 0
2022/09/11-20:38:30.017277 206f272c0                Options.report_bg_io_stats: 0
2022/09/11-20:38:30.017278 206f272c0                               Options.ttl: 2592000
2022/09/11-20:38:30.017279 206f272c0          Options.periodic_compaction_seconds: 0
2022/09/11-20:38:30.018056 206f272c0 [db/version_set.cc:4718] Recovered from manifest file:/Users/lijun/IC/homework2/.dfx/state/replicated_state/node-100/ic_consensus_pool/consensus/MANIFEST-000001 succeeded,manifest_file_number is 1, next_file_number is 3, last_sequence is 0, log_number is 0,prev_log_number is 0,max_column_family is 0,min_log_number_to_keep is 0
2022/09/11-20:38:30.018061 206f272c0 [db/version_set.cc:4727] Column family [default] (ID 0), log number is 0
2022/09/11-20:38:30.018338 206f272c0 [db/version_set.cc:3950] Creating manifest 4
2022/09/11-20:38:30.018640 206f272c0 [db/column_family.cc:580] --------------- Options for column family [RB]:
2022/09/11-20:38:30.018641 206f272c0               Options.comparator: leveldb.BytewiseComparator
2022/09/11-20:38:30.018642 206f272c0           Options.merge_operator: None
2022/09/11-20:38:30.018644 206f272c0        Options.compaction_filter: filter_outdated
2022/09/11-20:38:30.018645 206f272c0        Options.compaction_filter_factory: None
2022/09/11-20:38:30.018646 206f272c0  Options.sst_partitioner_factory: None
2022/09/11-20:38:30.018646 206f272c0         Options.memtable_factory: SkipListFactory
2022/09/11-20:38:30.018647 206f272c0            Options.table_factory: BlockBasedTable
2022/09/11-20:38:30.018659 206f272c0            table_factory options:   flush_block_policy_factory: FlushBlockBySizePolicyFactory (0x7feb3ef316e0)
  cache_index_and_filter_blocks: 0
  cache_index_and_filter_blocks_with_high_priority: 1
  pin_l0_filter_and_index_blocks_in_cache: 0
  pin_top_level_index_and_filter: 1
  index_type: 0
  data_block_index_type: 0
  index_shortening: 1
  data_block_hash_table_util_ratio: 0.750000
  hash_index_allow_collision: 1
  checksum: 1
  no_block_cache: 0
  block_cache: 0x7feb3ef31728
  block_cache_name: LRUCache
  block_cache_options:
    capacity : 8388608
    num_shard_bits : 4
    strict_capacity_limit : 0
    memory_allocator : None
    high_pri_pool_ratio: 0.000
  block_cache_compressed: 0x0
  persistent_cache: 0x0
  block_size: 4096
  block_size_deviation: 10
  block_restart_interval: 16
  index_block_restart_interval: 1
  metadata_block_size: 4096
  partition_filters: 0
  use_delta_encoding: 1
  filter_policy: nullptr
  whole_key_filtering: 1
  verify_compression: 0
  read_amp_bytes_per_bit: 0
  format_version: 4
  enable_index_compression: 1
  block_align: 0
2022/09/11-20:38:30.018660 206f272c0        Options.write_buffer_size: 67108864
2022/09/11-20:38:30.018661 206f272c0  Options.max_write_buffer_number: 2
2022/09/11-20:38:30.018662 206f272c0          Options.compression: NoCompression
2022/09/11-20:38:30.018663 206f272c0                  Options.bottommost_compression: Disabled
2022/09/11-20:38:30.018664 206f272c0       Options.prefix_extractor: nullptr
2022/09/11-20:38:30.018664 206f272c0   Options.memtable_insert_with_hint_prefix_extractor: nullptr
2022/09/11-20:38:30.018665 206f272c0             Options.num_levels: 7
2022/09/11-20:38:30.018666 206f272c0        Options.min_write_buffer_number_to_merge: 1
2022/09/11-20:38:30.018667 206f272c0     Options.max_write_buffer_number_to_maintain: 0
2022/09/11-20:38:30.018667 206f272c0     Options.max_write_buffer_size_to_maintain: 0
2022/09/11-20:38:30.018668 206f272c0            Options.bottommost_compression_opts.window_bits: -14
2022/09/11-20:38:30.018669 206f272c0                  Options.bottommost_compression_opts.level: 32767
2022/09/11-20:38:30.018670 206f272c0               Options.bottommost_compression_opts.strategy: 0
2022/09/11-20:38:30.018671 206f272c0         Options.bottommost_compression_opts.max_dict_bytes: 0
2022/09/11-20:38:30.018671 206f272c0         Options.bottommost_compression_opts.zstd_max_train_bytes: 0
2022/09/11-20:38:30.018672 206f272c0         Options.bottommost_compression_opts.parallel_threads: 1
2022/09/11-20:38:30.018673 206f272c0                  Options.bottommost_compression_opts.enabled: false
2022/09/11-20:38:30.018674 206f272c0            Options.compression_opts.window_bits: -14
2022/09/11-20:38:30.018674 206f272c0                  Options.compression_opts.level: 32767
2022/09/11-20:38:30.018675 206f272c0               Options.compression_opts.strategy: 0
2022/09/11-20:38:30.018676 206f272c0         Options.compression_opts.max_dict_bytes: 0
2022/09/11-20:38:30.018677 206f272c0         Options.compression_opts.zstd_max_train_bytes: 0
2022/09/11-20:38:30.018677 206f272c0         Options.compression_opts.parallel_threads: 1
2022/09/11-20:38:30.018678 206f272c0                  Options.compression_opts.enabled: false
2022/09/11-20:38:30.018679 206f272c0      Options.level0_file_num_compaction_trigger: 4
2022/09/11-20:38:30.018686 206f272c0          Options.level0_slowdown_writes_trigger: 20
2022/09/11-20:38:30.018687 206f272c0              Options.level0_stop_writes_trigger: 36
2022/09/11-20:38:30.018688 206f272c0                   Options.target_file_size_base: 67108864
2022/09/11-20:38:30.018689 206f272c0             Options.target_file_size_multiplier: 1
2022/09/11-20:38:30.018689 206f272c0                Options.max_bytes_for_level_base: 268435456
2022/09/11-20:38:30.018690 206f272c0 Options.level_compaction_dynamic_level_bytes: 0
2022/09/11-20:38:30.018691 206f272c0          Options.max_bytes_for_level_multiplier: 10.000000
2022/09/11-20:38:30.018692 206f272c0 Options.max_bytes_for_level_multiplier_addtl[0]: 1
2022/09/11-20:38:30.018693 206f272c0 Options.max_bytes_for_level_multiplier_addtl[1]: 1
2022/09/11-20:38:30.018694 206f272c0 Options.max_bytes_for_level_multiplier_addtl[2]: 1
2022/09/11-20:38:30.018694 206f272c0 Options.max_bytes_for_level_multiplier_addtl[3]: 1
2022/09/11-20:38:30.018695 206f272c0 Options.max_bytes_for_level_multiplier_addtl[4]: 1
2022/09/11-20:38:30.018696 206f272c0 Options.max_bytes_for_level_multiplier_addtl[5]: 1
2022/09/11-20:38:30.018697 206f272c0 Options.max_bytes_for_level_multiplier_addtl[6]: 1
2022/09/11-20:38:30.018698 206f272c0       Options.max_sequential_skip_in_iterations: 8
2022/09/11-20:38:30.018698 206f272c0                    Options.max_compaction_bytes: 1677721600
2022/09/11-20:38:30.018699 206f272c0                        Options.arena_block_size: 8388608
2022/09/11-20:38:30.018700 206f272c0   Options.soft_pending_compaction_bytes_limit: 68719476736
2022/09/11-20:38:30.018701 206f272c0   Options.hard_pending_compaction_bytes_limit: 274877906944
2022/09/11-20:38:30.018702 206f272c0       Options.rate_limit_delay_max_milliseconds: 100
2022/09/11-20:38:30.018702 206f272c0                Options.disable_auto_compactions: 1
2022/09/11-20:38:30.018704 206f272c0                        Options.compaction_style: kCompactionStyleLevel
2022/09/11-20:38:30.018705 206f272c0                          Options.compaction_pri: kMinOverlappingRatio
2022/09/11-20:38:30.018706 206f272c0 Options.compaction_options_universal.size_ratio: 1
2022/09/11-20:38:30.018707 206f272c0 Options.compaction_options_universal.min_merge_width: 2
2022/09/11-20:38:30.018708 206f272c0 Options.compaction_options_universal.max_merge_width: 4294967295
2022/09/11-20:38:30.018708 206f272c0 Options.compaction_options_universal.max_size_amplification_percent: 200
2022/09/11-20:38:30.018709 206f272c0 Options.compaction_options_universal.compression_size_percent: -1
2022/09/11-20:38:30.018710 206f272c0 Options.compaction_options_universal.stop_style: kCompactionStopStyleTotalSize
2022/09/11-20:38:30.018711 206f272c0 Options.compaction_options_fifo.max_table_files_size: 1073741824
2022/09/11-20:38:30.018712 206f272c0 Options.compaction_options_fifo.allow_compaction: 0
2022/09/11-20:38:30.018713 206f272c0                   Options.table_properties_collectors: 
2022/09/11-20:38:30.018713 206f272c0                   Options.inplace_update_support: 0
2022/09/11-20:38:30.018714 206f272c0                 Options.inplace_update_num_locks: 10000
2022/09/11-20:38:30.018715 206f272c0               Options.memtable_prefix_bloom_size_ratio: 0.000000
2022/09/11-20:38:30.018716 206f272c0               Options.memtable_whole_key_filtering: 0
2022/09/11-20:38:30.018717 206f272c0   Options.memtable_huge_page_size: 0
2022/09/11-20:38:30.018717 206f272c0                           Options.bloom_locality: 0
2022/09/11-20:38:30.018718 206f272c0                    Options.max_successive_merges: 0
2022/09/11-20:38:30.018719 206f272c0                Options.optimize_filters_for_hits: 0
2022/09/11-20:38:30.018720 206f272c0                Options.paranoid_file_checks: 0
2022/09/11-20:38:30.018720 206f272c0                Options.force_consistency_checks: 0
2022/09/11-20:38:30.018721 206f272c0                Options.report_bg_io_stats: 0
2022/09/11-20:38:30.018722 206f272c0                               Options.ttl: 2592000
2022/09/11-20:38:30.018723 206f272c0          Options.periodic_compaction_seconds: 2592000
2022/09/11-20:38:30.018801 206f272c0 [db/db_impl/db_impl.cc:2563] Created column family [RB] (ID 1)
2022/09/11-20:38:30.020085 206f272c0 [db/column_family.cc:580] --------------- Options for column family [FZ]:
2022/09/11-20:38:30.020087 206f272c0               Options.comparator: leveldb.BytewiseComparator
2022/09/11-20:38:30.020088 206f272c0           Options.merge_operator: None
2022/09/11-20:38:30.020088 206f272c0        Options.compaction_filter: filter_outdated
2022/09/11-20:38:30.020089 206f272c0        Options.compaction_filter_factory: None
2022/09/11-20:38:30.020090 206f272c0  Options.sst_partitioner_factory: None
2022/09/11-20:38:30.020091 206f272c0         Options.memtable_factory: SkipListFactory
2022/09/11-20:38:30.020092 206f272c0            Options.table_factory: BlockBasedTable
2022/09/11-20:38:30.020105 206f272c0            table_factory options:   flush_block_policy_factory: FlushBlockBySizePolicyFactory (0x7feb3ef322a0)
  cache_index_and_filter_blocks: 0
  cache_index_and_filter_blocks_with_high_priority: 1
  pin_l0_filter_and_index_blocks_in_cache: 0
  pin_top_level_index_and_filter: 1
  index_type: 0
  data_block_index_type: 0
  index_shortening: 1
  data_block_hash_table_util_ratio: 0.750000
  hash_index_allow_collision: 1
  checksum: 1
  no_block_cache: 0
  block_cache: 0x7feb3ef322e8
  block_cache_name: LRUCache
  block_cache_options:
    capacity : 8388608
    num_shard_bits : 4
    strict_capacity_limit : 0
    memory_allocator : None
    high_pri_pool_ratio: 0.000
  block_cache_compressed: 0x0
  persistent_cache: 0x0
  block_size: 4096
  block_size_deviation: 10
  block_restart_interval: 16
  index_block_restart_interval: 1
  metadata_block_size: 4096
  partition_filters: 0
  use_delta_encoding: 1
  filter_policy: nullptr
  whole_key_filtering: 1
  verify_compression: 0
  read_amp_bytes_per_bit: 0
  format_version: 4
  enable_index_compression: 1
  block_align: 0
2022/09/11-20:38:30.020106 206f272c0        Options.write_buffer_size: 67108864
2022/09/11-20:38:30.020107 206f272c0  Options.max_write_buffer_number: 2
2022/09/11-20:38:30.020108 206f272c0          Options.compression: NoCompression
2022/09/11-20:38:30.020109 206f272c0                  Options.bottommost_compression: Disabled
2022/09/11-20:38:30.020109 206f272c0       Options.prefix_extractor: nullptr
2022/09/11-20:38:30.020110 206f272c0   Options.memtable_insert_with_hint_prefix_extractor: nullptr
2022/09/11-20:38:30.020111 206f272c0             Options.num_levels: 7
2022/09/11-20:38:30.020112 206f272c0        Options.min_write_buffer_number_to_merge: 1
2022/09/11-20:38:30.020113 206f272c0     Options.max_write_buffer_number_to_maintain: 0
2022/09/11-20:38:30.020113 206f272c0     Options.max_write_buffer_size_to_maintain: 0
2022/09/11-20:38:30.020114 206f272c0            Options.bottommost_compression_opts.window_bits: -14
2022/09/11-20:38:30.020115 206f272c0                  Options.bottommost_compression_opts.level: 32767
2022/09/11-20:38:30.020116 206f272c0               Options.bottommost_compression_opts.strategy: 0
2022/09/11-20:38:30.020117 206f272c0         Options.bottommost_compression_opts.max_dict_bytes: 0
2022/09/11-20:38:30.020118 206f272c0         Options.bottommost_compression_opts.zstd_max_train_bytes: 0
2022/09/11-20:38:30.020118 206f272c0         Options.bottommost_compression_opts.parallel_threads: 1
2022/09/11-20:38:30.020119 206f272c0                  Options.bottommost_compression_opts.enabled: false
2022/09/11-20:38:30.020120 206f272c0            Options.compression_opts.window_bits: -14
2022/09/11-20:38:30.020121 206f272c0                  Options.compression_opts.level: 32767
2022/09/11-20:38:30.020122 206f272c0               Options.compression_opts.strategy: 0
2022/09/11-20:38:30.020122 206f272c0         Options.compression_opts.max_dict_bytes: 0
2022/09/11-20:38:30.020123 206f272c0         Options.compression_opts.zstd_max_train_bytes: 0
2022/09/11-20:38:30.020124 206f272c0         Options.compression_opts.parallel_threads: 1
2022/09/11-20:38:30.020125 206f272c0                  Options.compression_opts.enabled: false
2022/09/11-20:38:30.020126 206f272c0      Options.level0_file_num_compaction_trigger: 4
2022/09/11-20:38:30.020133 206f272c0          Options.level0_slowdown_writes_trigger: 20
2022/09/11-20:38:30.020134 206f272c0              Options.level0_stop_writes_trigger: 36
2022/09/11-20:38:30.020135 206f272c0                   Options.target_file_size_base: 67108864
2022/09/11-20:38:30.020136 206f272c0             Options.target_file_size_multiplier: 1
2022/09/11-20:38:30.020137 206f272c0                Options.max_bytes_for_level_base: 268435456
2022/09/11-20:38:30.020138 206f272c0 Options.level_compaction_dynamic_level_bytes: 0
2022/09/11-20:38:30.020138 206f272c0          Options.max_bytes_for_level_multiplier: 10.000000
2022/09/11-20:38:30.020139 206f272c0 Options.max_bytes_for_level_multiplier_addtl[0]: 1
2022/09/11-20:38:30.020140 206f272c0 Options.max_bytes_for_level_multiplier_addtl[1]: 1
2022/09/11-20:38:30.020141 206f272c0 Options.max_bytes_for_level_multiplier_addtl[2]: 1
2022/09/11-20:38:30.020142 206f272c0 Options.max_bytes_for_level_multiplier_addtl[3]: 1
2022/09/11-20:38:30.020143 206f272c0 Options.max_bytes_for_level_multiplier_addtl[4]: 1
2022/09/11-20:38:30.020144 206f272c0 Options.max_bytes_for_level_multiplier_addtl[5]: 1
2022/09/11-20:38:30.020144 206f272c0 Options.max_bytes_for_level_multiplier_addtl[6]: 1
2022/09/11-20:38:30.020145 206f272c0       Options.max_sequential_skip_in_iterations: 8
2022/09/11-20:38:30.020146 206f272c0                    Options.max_compaction_bytes: 1677721600
2022/09/11-20:38:30.020147 206f272c0                        Options.arena_block_size: 8388608
2022/09/11-20:38:30.020148 206f272c0   Options.soft_pending_compaction_bytes_limit: 68719476736
2022/09/11-20:38:30.020148 206f272c0   Options.hard_pending_compaction_bytes_limit: 274877906944
2022/09/11-20:38:30.020149 206f272c0       Options.rate_limit_delay_max_milliseconds: 100
2022/09/11-20:38:30.020150 206f272c0                Options.disable_auto_compactions: 1
2022/09/11-20:38:30.020151 206f272c0                        Options.compaction_style: kCompactionStyleLevel
2022/09/11-20:38:30.020152 206f272c0                          Options.compaction_pri: kMinOverlappingRatio
2022/09/11-20:38:30.020153 206f272c0 Options.compaction_options_universal.size_ratio: 1
2022/09/11-20:38:30.020153 206f272c0 Options.compaction_options_universal.min_merge_width: 2
2022/09/11-20:38:30.020154 206f272c0 Options.compaction_options_universal.max_merge_width: 4294967295
2022/09/11-20:38:30.020155 206f272c0 Options.compaction_options_universal.max_size_amplification_percent: 200
2022/09/11-20:38:30.020156 206f272c0 Options.compaction_options_universal.compression_size_percent: -1
2022/09/11-20:38:30.020157 206f272c0 Options.compaction_options_universal.stop_style: kCompactionStopStyleTotalSize
2022/09/11-20:38:30.020158 206f272c0 Options.compaction_options_fifo.max_table_files_size: 1073741824
2022/09/11-20:38:30.020158 206f272c0 Options.compaction_options_fifo.allow_compaction: 0
2022/09/11-20:38:30.020159 206f272c0                   Options.table_properties_collectors: 
2022/09/11-20:38:30.020160 206f272c0                   Options.inplace_update_support: 0
2022/09/11-20:38:30.020161 206f272c0                 Options.inplace_update_num_locks: 10000
2022/09/11-20:38:30.020162 206f272c0               Options.memtable_prefix_bloom_size_ratio: 0.000000
2022/09/11-20:38:30.020163 206f272c0               Options.memtable_whole_key_filtering: 0
2022/09/11-20:38:30.020164 206f272c0   Options.memtable_huge_page_size: 0
2022/09/11-20:38:30.020164 206f272c0                           Options.bloom_locality: 0
2022/09/11-20:38:30.020165 206f272c0                    Options.max_successive_merges: 0
2022/09/11-20:38:30.020166 206f272c0                Options.optimize_filters_for_hits: 0
2022/09/11-20:38:30.020167 206f272c0                Options.paranoid_file_checks: 0
2022/09/11-20:38:30.020167 206f272c0                Options.force_consistency_checks: 0
2022/09/11-20:38:30.020168 206f272c0                Options.report_bg_io_stats: 0
2022/09/11-20:38:30.020169 206f272c0                               Options.ttl: 2592000
2022/09/11-20:38:30.020170 206f272c0          Options.periodic_compaction_seconds: 2592000
2022/09/11-20:38:30.020203 206f272c0 [db/db_impl/db_impl.cc:2563] Created column family [FZ] (ID 2)
2022/09/11-20:38:30.021366 206f272c0 [db/column_family.cc:580] --------------- Options for column family [NZ]:
2022/09/11-20:38:30.021368 206f272c0               Options.comparator: leveldb.BytewiseComparator
2022/09/11-20:38:30.021370 206f272c0           Options.merge_operator: None
2022/09/11-20:38:30.021371 206f272c0        Options.compaction_filter: filter_outdated
2022/09/11-20:38:30.021371 206f272c0        Options.compaction_filter_factory: None
2022/09/11-20:38:30.021372 206f272c0  Options.sst_partitioner_factory: None
2022/09/11-20:38:30.021373 206f272c0         Options.memtable_factory: SkipListFactory
2022/09/11-20:38:30.021374 206f272c0            Options.table_factory: BlockBasedTable
2022/09/11-20:38:30.021399 206f272c0            table_factory options:   flush_block_policy_factory: FlushBlockBySizePolicyFactory (0x7feb3ef32e60)
  cache_index_and_filter_blocks: 0
  cache_index_and_filter_blocks_with_high_priority: 1
  pin_l0_filter_and_index_blocks_in_cache: 0
  pin_top_level_index_and_filter: 1
  index_type: 0
  data_block_index_type: 0
  index_shortening: 1
  data_block_hash_table_util_ratio: 0.750000
  hash_index_allow_collision: 1
  checksum: 1
  no_block_cache: 0
  block_cache: 0x7feb3ef32ea8
  block_cache_name: LRUCache
  block_cache_options:
    capacity : 8388608
    num_shard_bits : 4
    strict_capacity_limit : 0
    memory_allocator : None
    high_pri_pool_ratio: 0.000
  block_cache_compressed: 0x0
  persistent_cache: 0x0
  block_size: 4096
  block_size_deviation: 10
  block_restart_interval: 16
  index_block_restart_interval: 1
  metadata_block_size: 4096
  partition_filters: 0
  use_delta_encoding: 1
  filter_policy: nullptr
  whole_key_filtering: 1
  verify_compression: 0
  read_amp_bytes_per_bit: 0
  format_version: 4
  enable_index_compression: 1
  block_align: 0
2022/09/11-20:38:30.021402 206f272c0        Options.write_buffer_size: 67108864
2022/09/11-20:38:30.021403 206f272c0  Options.max_write_buffer_number: 2
2022/09/11-20:38:30.021404 206f272c0          Options.compression: NoCompression
2022/09/11-20:38:30.021405 206f272c0                  Options.bottommost_compression: Disabled
2022/09/11-20:38:30.021405 206f272c0       Options.prefix_extractor: nullptr
2022/09/11-20:38:30.021406 206f272c0   Options.memtable_insert_with_hint_prefix_extractor: nullptr
2022/09/11-20:38:30.021407 206f272c0             Options.num_levels: 7
2022/09/11-20:38:30.021408 206f272c0        Options.min_write_buffer_number_to_merge: 1
2022/09/11-20:38:30.021409 206f272c0     Options.max_write_buffer_number_to_maintain: 0
2022/09/11-20:38:30.021409 206f272c0     Options.max_write_buffer_size_to_maintain: 0
2022/09/11-20:38:30.021410 206f272c0            Options.bottommost_compression_opts.window_bits: -14
2022/09/11-20:38:30.021411 206f272c0                  Options.bottommost_compression_opts.level: 32767
2022/09/11-20:38:30.021412 206f272c0               Options.bottommost_compression_opts.strategy: 0
2022/09/11-20:38:30.021413 206f272c0         Options.bottommost_compression_opts.max_dict_bytes: 0
2022/09/11-20:38:30.021414 206f272c0         Options.bottommost_compression_opts.zstd_max_train_bytes: 0
2022/09/11-20:38:30.021414 206f272c0         Options.bottommost_compression_opts.parallel_threads: 1
2022/09/11-20:38:30.021415 206f272c0                  Options.bottommost_compression_opts.enabled: false
2022/09/11-20:38:30.021416 206f272c0            Options.compression_opts.window_bits: -14
2022/09/11-20:38:30.021417 206f272c0                  Options.compression_opts.level: 32767
2022/09/11-20:38:30.021418 206f272c0               Options.compression_opts.strategy: 0
2022/09/11-20:38:30.021418 206f272c0         Options.compression_opts.max_dict_bytes: 0
2022/09/11-20:38:30.021419 206f272c0         Options.compression_opts.zstd_max_train_bytes: 0
2022/09/11-20:38:30.021420 206f272c0         Options.compression_opts.parallel_threads: 1
2022/09/11-20:38:30.021421 206f272c0                  Options.compression_opts.enabled: false
2022/09/11-20:38:30.021422 206f272c0      Options.level0_file_num_compaction_trigger: 4
2022/09/11-20:38:30.021432 206f272c0          Options.level0_slowdown_writes_trigger: 20
2022/09/11-20:38:30.021433 206f272c0              Options.level0_stop_writes_trigger: 36
2022/09/11-20:38:30.021434 206f272c0                   Options.target_file_size_base: 67108864
2022/09/11-20:38:30.021435 206f272c0             Options.target_file_size_multiplier: 1
2022/09/11-20:38:30.021435 206f272c0                Options.max_bytes_for_level_base: 268435456
2022/09/11-20:38:30.021436 206f272c0 Options.level_compaction_dynamic_level_bytes: 0
2022/09/11-20:38:30.021437 206f272c0          Options.max_bytes_for_level_multiplier: 10.000000
2022/09/11-20:38:30.021438 206f272c0 Options.max_bytes_for_level_multiplier_addtl[0]: 1
2022/09/11-20:38:30.021439 206f272c0 Options.max_bytes_for_level_multiplier_addtl[1]: 1
2022/09/11-20:38:30.021440 206f272c0 Options.max_bytes_for_level_multiplier_addtl[2]: 1
2022/09/11-20:38:30.021441 206f272c0 Options.max_bytes_for_level_multiplier_addtl[3]: 1
2022/09/11-20:38:30.021442 206f272c0 Options.max_bytes_for_level_multiplier_addtl[4]: 1
2022/09/11-20:38:30.021442 206f272c0 Options.max_bytes_for_level_multiplier_addtl[5]: 1
2022/09/11-20:38:30.021443 206f272c0 Options.max_bytes_for_level_multiplier_addtl[6]: 1
2022/09/11-20:38:30.021444 206f272c0       Options.max_sequential_skip_in_iterations: 8
2022/09/11-20:38:30.021445 206f272c0                    Options.max_compaction_bytes: 1677721600
2022/09/11-20:38:30.021446 206f272c0                        Options.arena_block_size: 8388608
2022/09/11-20:38:30.021446 206f272c0   Options.soft_pending_compaction_bytes_limit: 68719476736
