2022/09/11-20:38:30.054434 206f272c0 RocksDB version: 6.12.7
2022/09/11-20:38:30.054449 206f272c0 Git sha rocksdb_build_git_sha:@0@
2022/09/11-20:38:30.054451 206f272c0 Compile date Jul 27 2021
2022/09/11-20:38:30.054461 206f272c0 DB SUMMARY
2022/09/11-20:38:30.054463 206f272c0 DB Session ID:  K3HSBIQQCZW8XWJ85YA4
2022/09/11-20:38:30.054477 206f272c0 SST files in /Users/lijun/IC/homework2/.dfx/state/replicated_state/node-100/ic_consensus_pool/certification dir, Total Num: 0, files: 
2022/09/11-20:38:30.054479 206f272c0 Write Ahead Log file in /Users/lijun/IC/homework2/.dfx/state/replicated_state/node-100/ic_consensus_pool/certification: 
2022/09/11-20:38:30.054480 206f272c0                         Options.error_if_exists: 0
2022/09/11-20:38:30.054481 206f272c0                       Options.create_if_missing: 1
2022/09/11-20:38:30.054482 206f272c0                         Options.paranoid_checks: 1
2022/09/11-20:38:30.054482 206f272c0                                     Options.env: 0x104e04488
2022/09/11-20:38:30.054483 206f272c0                                      Options.fs: Posix File System
2022/09/11-20:38:30.054484 206f272c0                                Options.info_log: 0x7feb3ef54850
2022/09/11-20:38:30.054485 206f272c0                Options.max_file_opening_threads: 16
2022/09/11-20:38:30.054486 206f272c0                              Options.statistics: 0x0
2022/09/11-20:38:30.054487 206f272c0                               Options.use_fsync: 1
2022/09/11-20:38:30.054487 206f272c0                       Options.max_log_file_size: 0
2022/09/11-20:38:30.054488 206f272c0                  Options.max_manifest_file_size: 1073741824
2022/09/11-20:38:30.054489 206f272c0                   Options.log_file_time_to_roll: 0
2022/09/11-20:38:30.054490 206f272c0                       Options.keep_log_file_num: 1000
2022/09/11-20:38:30.054491 206f272c0                    Options.recycle_log_file_num: 0
2022/09/11-20:38:30.054491 206f272c0                         Options.allow_fallocate: 1
2022/09/11-20:38:30.054492 206f272c0                        Options.allow_mmap_reads: 0
2022/09/11-20:38:30.054493 206f272c0                       Options.allow_mmap_writes: 0
2022/09/11-20:38:30.054494 206f272c0                        Options.use_direct_reads: 0
2022/09/11-20:38:30.054494 206f272c0                        Options.use_direct_io_for_flush_and_compaction: 0
2022/09/11-20:38:30.054495 206f272c0          Options.create_missing_column_families: 1
2022/09/11-20:38:30.054496 206f272c0                              Options.db_log_dir: 
2022/09/11-20:38:30.054497 206f272c0                                 Options.wal_dir: /Users/lijun/IC/homework2/.dfx/state/replicated_state/node-100/ic_consensus_pool/certification
2022/09/11-20:38:30.054497 206f272c0                Options.table_cache_numshardbits: 6
2022/09/11-20:38:30.054498 206f272c0                         Options.WAL_ttl_seconds: 0
2022/09/11-20:38:30.054499 206f272c0                       Options.WAL_size_limit_MB: 0
2022/09/11-20:38:30.054500 206f272c0                        Options.max_write_batch_group_size_bytes: 1048576
2022/09/11-20:38:30.054501 206f272c0             Options.manifest_preallocation_size: 4194304
2022/09/11-20:38:30.054501 206f272c0                     Options.is_fd_close_on_exec: 1
2022/09/11-20:38:30.054502 206f272c0                   Options.advise_random_on_open: 1
2022/09/11-20:38:30.054503 206f272c0                    Options.db_write_buffer_size: 0
2022/09/11-20:38:30.054504 206f272c0                    Options.write_buffer_manager: 0x7feb3ef547e0
2022/09/11-20:38:30.054505 206f272c0         Options.access_hint_on_compaction_start: 1
2022/09/11-20:38:30.054505 206f272c0  Options.new_table_reader_for_compaction_inputs: 0
2022/09/11-20:38:30.054506 206f272c0           Options.random_access_max_buffer_size: 1048576
2022/09/11-20:38:30.054507 206f272c0                      Options.use_adaptive_mutex: 0
2022/09/11-20:38:30.054508 206f272c0                            Options.rate_limiter: 0x0
2022/09/11-20:38:30.054508 206f272c0     Options.sst_file_manager.rate_bytes_per_sec: 0
2022/09/11-20:38:30.054509 206f272c0                       Options.wal_recovery_mode: 2
2022/09/11-20:38:30.054518 206f272c0                  Options.enable_thread_tracking: 0
2022/09/11-20:38:30.054519 206f272c0                  Options.enable_pipelined_write: 0
2022/09/11-20:38:30.054519 206f272c0                  Options.unordered_write: 0
2022/09/11-20:38:30.054520 206f272c0         Options.allow_concurrent_memtable_write: 1
2022/09/11-20:38:30.054521 206f272c0      Options.enable_write_thread_adaptive_yield: 1
2022/09/11-20:38:30.054522 206f272c0             Options.write_thread_max_yield_usec: 100
2022/09/11-20:38:30.054523 206f272c0            Options.write_thread_slow_yield_usec: 3
2022/09/11-20:38:30.054523 206f272c0                               Options.row_cache: None
2022/09/11-20:38:30.054524 206f272c0                              Options.wal_filter: None
2022/09/11-20:38:30.054525 206f272c0             Options.avoid_flush_during_recovery: 0
2022/09/11-20:38:30.054526 206f272c0             Options.allow_ingest_behind: 0
2022/09/11-20:38:30.054526 206f272c0             Options.preserve_deletes: 0
2022/09/11-20:38:30.054527 206f272c0             Options.two_write_queues: 0
2022/09/11-20:38:30.054528 206f272c0             Options.manual_wal_flush: 0
2022/09/11-20:38:30.054529 206f272c0             Options.atomic_flush: 0
2022/09/11-20:38:30.054529 206f272c0             Options.avoid_unnecessary_blocking_io: 0
2022/09/11-20:38:30.054530 206f272c0                 Options.persist_stats_to_disk: 0
2022/09/11-20:38:30.054531 206f272c0                 Options.write_dbid_to_manifest: 0
2022/09/11-20:38:30.054532 206f272c0                 Options.log_readahead_size: 0
2022/09/11-20:38:30.054533 206f272c0                 Options.file_checksum_gen_factory: Unknown
2022/09/11-20:38:30.054533 206f272c0                 Options.best_efforts_recovery: 0
2022/09/11-20:38:30.054534 206f272c0                Options.max_bgerror_resume_count: 2147483647
2022/09/11-20:38:30.054535 206f272c0            Options.bgerror_resume_retry_interval: 1000000
2022/09/11-20:38:30.054536 206f272c0             Options.max_background_jobs: 2
2022/09/11-20:38:30.054537 206f272c0             Options.max_background_compactions: -1
2022/09/11-20:38:30.054537 206f272c0             Options.max_subcompactions: 1
2022/09/11-20:38:30.054538 206f272c0             Options.avoid_flush_during_shutdown: 0
2022/09/11-20:38:30.054539 206f272c0           Options.writable_file_max_buffer_size: 1048576
2022/09/11-20:38:30.054540 206f272c0             Options.delayed_write_rate : 16777216
2022/09/11-20:38:30.054541 206f272c0             Options.max_total_wal_size: 0
2022/09/11-20:38:30.054541 206f272c0             Options.delete_obsolete_files_period_micros: 21600000000
2022/09/11-20:38:30.054542 206f272c0                   Options.stats_dump_period_sec: 600
2022/09/11-20:38:30.054543 206f272c0                 Options.stats_persist_period_sec: 600
2022/09/11-20:38:30.054544 206f272c0                 Options.stats_history_buffer_size: 1048576
2022/09/11-20:38:30.054544 206f272c0                          Options.max_open_files: -1
2022/09/11-20:38:30.054545 206f272c0                          Options.bytes_per_sync: 0
2022/09/11-20:38:30.054546 206f272c0                      Options.wal_bytes_per_sync: 0
2022/09/11-20:38:30.054547 206f272c0                   Options.strict_bytes_per_sync: 0
2022/09/11-20:38:30.054547 206f272c0       Options.compaction_readahead_size: 0
2022/09/11-20:38:30.054548 206f272c0                  Options.max_background_flushes: -1
2022/09/11-20:38:30.054549 206f272c0 Compression algorithms supported:
2022/09/11-20:38:30.054550 206f272c0 	kZSTD supported: 1
2022/09/11-20:38:30.054551 206f272c0 	kZlibCompression supported: 1
2022/09/11-20:38:30.054552 206f272c0 	kXpressCompression supported: 0
2022/09/11-20:38:30.054553 206f272c0 	kSnappyCompression supported: 1
2022/09/11-20:38:30.054554 206f272c0 	kZSTDNotFinalCompression supported: 1
2022/09/11-20:38:30.054554 206f272c0 	kLZ4HCCompression supported: 1
2022/09/11-20:38:30.054555 206f272c0 	kLZ4Compression supported: 1
2022/09/11-20:38:30.054556 206f272c0 	kBZip2Compression supported: 1
2022/09/11-20:38:30.054563 206f272c0 Fast CRC32 supported: Supported on x86
2022/09/11-20:38:30.054797 206f272c0 [db/db_impl/db_impl_open.cc:271] Creating manifest 1 
2022/09/11-20:38:30.055016 206f272c0 [db/version_set.cc:4560] Recovering from manifest file: /Users/lijun/IC/homework2/.dfx/state/replicated_state/node-100/ic_consensus_pool/certification/MANIFEST-000001
2022/09/11-20:38:30.055035 206f272c0 [db/column_family.cc:580] --------------- Options for column family [default]:
2022/09/11-20:38:30.055036 206f272c0               Options.comparator: leveldb.BytewiseComparator
2022/09/11-20:38:30.055037 206f272c0           Options.merge_operator: None
2022/09/11-20:38:30.055038 206f272c0        Options.compaction_filter: None
2022/09/11-20:38:30.055039 206f272c0        Options.compaction_filter_factory: None
2022/09/11-20:38:30.055040 206f272c0  Options.sst_partitioner_factory: None
2022/09/11-20:38:30.055040 206f272c0         Options.memtable_factory: SkipListFactory
2022/09/11-20:38:30.055041 206f272c0            Options.table_factory: BlockBasedTable
2022/09/11-20:38:30.055053 206f272c0            table_factory options:   flush_block_policy_factory: FlushBlockBySizePolicyFactory (0x7feb3ef27010)
  cache_index_and_filter_blocks: 0
  cache_index_and_filter_blocks_with_high_priority: 1
  pin_l0_filter_and_index_blocks_in_cache: 0
  pin_top_level_index_and_filter: 1
  index_type: 0
  data_block_index_type: 0
  index_shortening: 1
  data_block_hash_table_util_ratio: 0.750000
  hash_index_allow_collision: 1
  checksum: 1
  no_block_cache: 0
  block_cache: 0x7feb3ef53cf8
  block_cache_name: LRUCache
  block_cache_options:
    capacity : 8388608
    num_shard_bits : 4
    strict_capacity_limit : 0
    memory_allocator : None
    high_pri_pool_ratio: 0.000
  block_cache_compressed: 0x0
  persistent_cache: 0x0
  block_size: 4096
  block_size_deviation: 10
  block_restart_interval: 16
  index_block_restart_interval: 1
  metadata_block_size: 4096
  partition_filters: 0
  use_delta_encoding: 1
  filter_policy: nullptr
  whole_key_filtering: 1
  verify_compression: 0
  read_amp_bytes_per_bit: 0
  format_version: 4
  enable_index_compression: 1
  block_align: 0
2022/09/11-20:38:30.055054 206f272c0        Options.write_buffer_size: 67108864
2022/09/11-20:38:30.055055 206f272c0  Options.max_write_buffer_number: 2
2022/09/11-20:38:30.055056 206f272c0          Options.compression: Snappy
2022/09/11-20:38:30.055057 206f272c0                  Options.bottommost_compression: Disabled
2022/09/11-20:38:30.055058 206f272c0       Options.prefix_extractor: nullptr
2022/09/11-20:38:30.055058 206f272c0   Options.memtable_insert_with_hint_prefix_extractor: nullptr
2022/09/11-20:38:30.055059 206f272c0             Options.num_levels: 7
2022/09/11-20:38:30.055060 206f272c0        Options.min_write_buffer_number_to_merge: 1
2022/09/11-20:38:30.055061 206f272c0     Options.max_write_buffer_number_to_maintain: 0
2022/09/11-20:38:30.055062 206f272c0     Options.max_write_buffer_size_to_maintain: 0
2022/09/11-20:38:30.055062 206f272c0            Options.bottommost_compression_opts.window_bits: -14
2022/09/11-20:38:30.055063 206f272c0                  Options.bottommost_compression_opts.level: 32767
2022/09/11-20:38:30.055064 206f272c0               Options.bottommost_compression_opts.strategy: 0
2022/09/11-20:38:30.055065 206f272c0         Options.bottommost_compression_opts.max_dict_bytes: 0
2022/09/11-20:38:30.055065 206f272c0         Options.bottommost_compression_opts.zstd_max_train_bytes: 0
2022/09/11-20:38:30.055066 206f272c0         Options.bottommost_compression_opts.parallel_threads: 1
2022/09/11-20:38:30.055067 206f272c0                  Options.bottommost_compression_opts.enabled: false
2022/09/11-20:38:30.055068 206f272c0            Options.compression_opts.window_bits: -14
2022/09/11-20:38:30.055069 206f272c0                  Options.compression_opts.level: 32767
2022/09/11-20:38:30.055069 206f272c0               Options.compression_opts.strategy: 0
2022/09/11-20:38:30.055070 206f272c0         Options.compression_opts.max_dict_bytes: 0
2022/09/11-20:38:30.055078 206f272c0         Options.compression_opts.zstd_max_train_bytes: 0
2022/09/11-20:38:30.055079 206f272c0         Options.compression_opts.parallel_threads: 1
2022/09/11-20:38:30.055080 206f272c0                  Options.compression_opts.enabled: false
2022/09/11-20:38:30.055080 206f272c0      Options.level0_file_num_compaction_trigger: 4
2022/09/11-20:38:30.055081 206f272c0          Options.level0_slowdown_writes_trigger: 20
2022/09/11-20:38:30.055082 206f272c0              Options.level0_stop_writes_trigger: 36
2022/09/11-20:38:30.055083 206f272c0                   Options.target_file_size_base: 67108864
2022/09/11-20:38:30.055084 206f272c0             Options.target_file_size_multiplier: 1
2022/09/11-20:38:30.055084 206f272c0                Options.max_bytes_for_level_base: 268435456
2022/09/11-20:38:30.055085 206f272c0 Options.level_compaction_dynamic_level_bytes: 0
2022/09/11-20:38:30.055086 206f272c0          Options.max_bytes_for_level_multiplier: 10.000000
2022/09/11-20:38:30.055087 206f272c0 Options.max_bytes_for_level_multiplier_addtl[0]: 1
2022/09/11-20:38:30.055088 206f272c0 Options.max_bytes_for_level_multiplier_addtl[1]: 1
2022/09/11-20:38:30.055089 206f272c0 Options.max_bytes_for_level_multiplier_addtl[2]: 1
2022/09/11-20:38:30.055089 206f272c0 Options.max_bytes_for_level_multiplier_addtl[3]: 1
2022/09/11-20:38:30.055090 206f272c0 Options.max_bytes_for_level_multiplier_addtl[4]: 1
2022/09/11-20:38:30.055091 206f272c0 Options.max_bytes_for_level_multiplier_addtl[5]: 1
2022/09/11-20:38:30.055092 206f272c0 Options.max_bytes_for_level_multiplier_addtl[6]: 1
2022/09/11-20:38:30.055092 206f272c0       Options.max_sequential_skip_in_iterations: 8
2022/09/11-20:38:30.055093 206f272c0                    Options.max_compaction_bytes: 1677721600
2022/09/11-20:38:30.055094 206f272c0                        Options.arena_block_size: 8388608
2022/09/11-20:38:30.055095 206f272c0   Options.soft_pending_compaction_bytes_limit: 68719476736
2022/09/11-20:38:30.055096 206f272c0   Options.hard_pending_compaction_bytes_limit: 274877906944
2022/09/11-20:38:30.055096 206f272c0       Options.rate_limit_delay_max_milliseconds: 100
2022/09/11-20:38:30.055097 206f272c0                Options.disable_auto_compactions: 0
2022/09/11-20:38:30.055098 206f272c0                        Options.compaction_style: kCompactionStyleLevel
2022/09/11-20:38:30.055099 206f272c0                          Options.compaction_pri: kMinOverlappingRatio
2022/09/11-20:38:30.055100 206f272c0 Options.compaction_options_universal.size_ratio: 1
2022/09/11-20:38:30.055100 206f272c0 Options.compaction_options_universal.min_merge_width: 2
2022/09/11-20:38:30.055101 206f272c0 Options.compaction_options_universal.max_merge_width: 4294967295
2022/09/11-20:38:30.055102 206f272c0 Options.compaction_options_universal.max_size_amplification_percent: 200
2022/09/11-20:38:30.055103 206f272c0 Options.compaction_options_universal.compression_size_percent: -1
2022/09/11-20:38:30.055104 206f272c0 Options.compaction_options_universal.stop_style: kCompactionStopStyleTotalSize
2022/09/11-20:38:30.055105 206f272c0 Options.compaction_options_fifo.max_table_files_size: 1073741824
2022/09/11-20:38:30.055105 206f272c0 Options.compaction_options_fifo.allow_compaction: 0
2022/09/11-20:38:30.055106 206f272c0                   Options.table_properties_collectors: 
2022/09/11-20:38:30.055107 206f272c0                   Options.inplace_update_support: 0
2022/09/11-20:38:30.055108 206f272c0                 Options.inplace_update_num_locks: 10000
2022/09/11-20:38:30.055109 206f272c0               Options.memtable_prefix_bloom_size_ratio: 0.000000
2022/09/11-20:38:30.055109 206f272c0               Options.memtable_whole_key_filtering: 0
2022/09/11-20:38:30.055110 206f272c0   Options.memtable_huge_page_size: 0
2022/09/11-20:38:30.055111 206f272c0                           Options.bloom_locality: 0
2022/09/11-20:38:30.055112 206f272c0                    Options.max_successive_merges: 0
2022/09/11-20:38:30.055113 206f272c0                Options.optimize_filters_for_hits: 0
2022/09/11-20:38:30.055120 206f272c0                Options.paranoid_file_checks: 0
2022/09/11-20:38:30.055121 206f272c0                Options.force_consistency_checks: 0
2022/09/11-20:38:30.055122 206f272c0                Options.report_bg_io_stats: 0
2022/09/11-20:38:30.055122 206f272c0                               Options.ttl: 2592000
2022/09/11-20:38:30.055123 206f272c0          Options.periodic_compaction_seconds: 0
2022/09/11-20:38:30.055526 206f272c0 [db/version_set.cc:4718] Recovered from manifest file:/Users/lijun/IC/homework2/.dfx/state/replicated_state/node-100/ic_consensus_pool/certification/MANIFEST-000001 succeeded,manifest_file_number is 1, next_file_number is 3, last_sequence is 0, log_number is 0,prev_log_number is 0,max_column_family is 0,min_log_number_to_keep is 0
2022/09/11-20:38:30.055529 206f272c0 [db/version_set.cc:4727] Column family [default] (ID 0), log number is 0
2022/09/11-20:38:30.055633 206f272c0 [db/version_set.cc:3950] Creating manifest 4
2022/09/11-20:38:30.055879 206f272c0 [db/column_family.cc:580] --------------- Options for column family [CE]:
2022/09/11-20:38:30.055881 206f272c0               Options.comparator: leveldb.BytewiseComparator
2022/09/11-20:38:30.055882 206f272c0           Options.merge_operator: None
2022/09/11-20:38:30.055883 206f272c0        Options.compaction_filter: filter_outdated
2022/09/11-20:38:30.055883 206f272c0        Options.compaction_filter_factory: None
2022/09/11-20:38:30.055884 206f272c0  Options.sst_partitioner_factory: None
2022/09/11-20:38:30.055885 206f272c0         Options.memtable_factory: SkipListFactory
2022/09/11-20:38:30.055886 206f272c0            Options.table_factory: BlockBasedTable
2022/09/11-20:38:30.055899 206f272c0            table_factory options:   flush_block_policy_factory: FlushBlockBySizePolicyFactory (0x7feb3ef276d0)
  cache_index_and_filter_blocks: 0
  cache_index_and_filter_blocks_with_high_priority: 1
  pin_l0_filter_and_index_blocks_in_cache: 0
  pin_top_level_index_and_filter: 1
  index_type: 0
  data_block_index_type: 0
  index_shortening: 1
  data_block_hash_table_util_ratio: 0.750000
  hash_index_allow_collision: 1
  checksum: 1
  no_block_cache: 0
  block_cache: 0x7feb3ef52528
  block_cache_name: LRUCache
  block_cache_options:
    capacity : 8388608
    num_shard_bits : 4
    strict_capacity_limit : 0
    memory_allocator : None
    high_pri_pool_ratio: 0.000
  block_cache_compressed: 0x0
  persistent_cache: 0x0
  block_size: 4096
  block_size_deviation: 10
  block_restart_interval: 16
  index_block_restart_interval: 1
  metadata_block_size: 4096
  partition_filters: 0
  use_delta_encoding: 1
  filter_policy: nullptr
  whole_key_filtering: 1
  verify_compression: 0
  read_amp_bytes_per_bit: 0
  format_version: 4
  enable_index_compression: 1
  block_align: 0
2022/09/11-20:38:30.055900 206f272c0        Options.write_buffer_size: 67108864
2022/09/11-20:38:30.055901 206f272c0  Options.max_write_buffer_number: 2
2022/09/11-20:38:30.055901 206f272c0          Options.compression: NoCompression
2022/09/11-20:38:30.055902 206f272c0                  Options.bottommost_compression: Disabled
2022/09/11-20:38:30.055903 206f272c0       Options.prefix_extractor: nullptr
2022/09/11-20:38:30.055904 206f272c0   Options.memtable_insert_with_hint_prefix_extractor: nullptr
2022/09/11-20:38:30.055905 206f272c0             Options.num_levels: 7
2022/09/11-20:38:30.055905 206f272c0        Options.min_write_buffer_number_to_merge: 1
2022/09/11-20:38:30.055906 206f272c0     Options.max_write_buffer_number_to_maintain: 0
2022/09/11-20:38:30.055907 206f272c0     Options.max_write_buffer_size_to_maintain: 0
2022/09/11-20:38:30.055908 206f272c0            Options.bottommost_compression_opts.window_bits: -14
2022/09/11-20:38:30.055909 206f272c0                  Options.bottommost_compression_opts.level: 32767
2022/09/11-20:38:30.055909 206f272c0               Options.bottommost_compression_opts.strategy: 0
2022/09/11-20:38:30.055910 206f272c0         Options.bottommost_compression_opts.max_dict_bytes: 0
2022/09/11-20:38:30.055911 206f272c0         Options.bottommost_compression_opts.zstd_max_train_bytes: 0
2022/09/11-20:38:30.055912 206f272c0         Options.bottommost_compression_opts.parallel_threads: 1
2022/09/11-20:38:30.055913 206f272c0                  Options.bottommost_compression_opts.enabled: false
2022/09/11-20:38:30.055913 206f272c0            Options.compression_opts.window_bits: -14
2022/09/11-20:38:30.055914 206f272c0                  Options.compression_opts.level: 32767
2022/09/11-20:38:30.055915 206f272c0               Options.compression_opts.strategy: 0
2022/09/11-20:38:30.055916 206f272c0         Options.compression_opts.max_dict_bytes: 0
2022/09/11-20:38:30.055917 206f272c0         Options.compression_opts.zstd_max_train_bytes: 0
2022/09/11-20:38:30.055917 206f272c0         Options.compression_opts.parallel_threads: 1
2022/09/11-20:38:30.055918 206f272c0                  Options.compression_opts.enabled: false
2022/09/11-20:38:30.055923 206f272c0      Options.level0_file_num_compaction_trigger: 4
2022/09/11-20:38:30.055930 206f272c0          Options.level0_slowdown_writes_trigger: 20
2022/09/11-20:38:30.055931 206f272c0              Options.level0_stop_writes_trigger: 36
2022/09/11-20:38:30.055932 206f272c0                   Options.target_file_size_base: 67108864
2022/09/11-20:38:30.055932 206f272c0             Options.target_file_size_multiplier: 1
2022/09/11-20:38:30.055933 206f272c0                Options.max_bytes_for_level_base: 268435456
2022/09/11-20:38:30.055934 206f272c0 Options.level_compaction_dynamic_level_bytes: 0
2022/09/11-20:38:30.055935 206f272c0          Options.max_bytes_for_level_multiplier: 10.000000
2022/09/11-20:38:30.055936 206f272c0 Options.max_bytes_for_level_multiplier_addtl[0]: 1
2022/09/11-20:38:30.055937 206f272c0 Options.max_bytes_for_level_multiplier_addtl[1]: 1
2022/09/11-20:38:30.055937 206f272c0 Options.max_bytes_for_level_multiplier_addtl[2]: 1
2022/09/11-20:38:30.055938 206f272c0 Options.max_bytes_for_level_multiplier_addtl[3]: 1
2022/09/11-20:38:30.055939 206f272c0 Options.max_bytes_for_level_multiplier_addtl[4]: 1
2022/09/11-20:38:30.055940 206f272c0 Options.max_bytes_for_level_multiplier_addtl[5]: 1
2022/09/11-20:38:30.055941 206f272c0 Options.max_bytes_for_level_multiplier_addtl[6]: 1
2022/09/11-20:38:30.055941 206f272c0       Options.max_sequential_skip_in_iterations: 8
2022/09/11-20:38:30.055942 206f272c0                    Options.max_compaction_bytes: 1677721600
2022/09/11-20:38:30.055943 206f272c0                        Options.arena_block_size: 8388608
2022/09/11-20:38:30.055944 206f272c0   Options.soft_pending_compaction_bytes_limit: 68719476736
2022/09/11-20:38:30.055944 206f272c0   Options.hard_pending_compaction_bytes_limit: 274877906944
2022/09/11-20:38:30.055945 206f272c0       Options.rate_limit_delay_max_milliseconds: 100
2022/09/11-20:38:30.055946 206f272c0                Options.disable_auto_compactions: 1
2022/09/11-20:38:30.055947 206f272c0                        Options.compaction_style: kCompactionStyleLevel
2022/09/11-20:38:30.055948 206f272c0                          Options.compaction_pri: kMinOverlappingRatio
2022/09/11-20:38:30.055948 206f272c0 Options.compaction_options_universal.size_ratio: 1
2022/09/11-20:38:30.055949 206f272c0 Options.compaction_options_universal.min_merge_width: 2
2022/09/11-20:38:30.055950 206f272c0 Options.compaction_options_universal.max_merge_width: 4294967295
2022/09/11-20:38:30.055951 206f272c0 Options.compaction_options_universal.max_size_amplification_percent: 200
2022/09/11-20:38:30.055952 206f272c0 Options.compaction_options_universal.compression_size_percent: -1
2022/09/11-20:38:30.055953 206f272c0 Options.compaction_options_universal.stop_style: kCompactionStopStyleTotalSize
2022/09/11-20:38:30.055953 206f272c0 Options.compaction_options_fifo.max_table_files_size: 1073741824
2022/09/11-20:38:30.055954 206f272c0 Options.compaction_options_fifo.allow_compaction: 0
2022/09/11-20:38:30.055955 206f272c0                   Options.table_properties_collectors: 
2022/09/11-20:38:30.055956 206f272c0                   Options.inplace_update_support: 0
2022/09/11-20:38:30.055957 206f272c0                 Options.inplace_update_num_locks: 10000
2022/09/11-20:38:30.055957 206f272c0               Options.memtable_prefix_bloom_size_ratio: 0.000000
2022/09/11-20:38:30.055958 206f272c0               Options.memtable_whole_key_filtering: 0
2022/09/11-20:38:30.055959 206f272c0   Options.memtable_huge_page_size: 0
2022/09/11-20:38:30.055960 206f272c0                           Options.bloom_locality: 0
2022/09/11-20:38:30.055961 206f272c0                    Options.max_successive_merges: 0
2022/09/11-20:38:30.055961 206f272c0                Options.optimize_filters_for_hits: 0
2022/09/11-20:38:30.055962 206f272c0                Options.paranoid_file_checks: 0
2022/09/11-20:38:30.055963 206f272c0                Options.force_consistency_checks: 0
2022/09/11-20:38:30.055964 206f272c0                Options.report_bg_io_stats: 0
2022/09/11-20:38:30.055964 206f272c0                               Options.ttl: 2592000
2022/09/11-20:38:30.055965 206f272c0          Options.periodic_compaction_seconds: 2592000
2022/09/11-20:38:30.055993 206f272c0 [db/db_impl/db_impl.cc:2563] Created column family [CE] (ID 1)
2022/09/11-20:38:30.056832 206f272c0 [db/column_family.cc:580] --------------- Options for column family [CES]:
2022/09/11-20:38:30.056834 206f272c0               Options.comparator: leveldb.BytewiseComparator
2022/09/11-20:38:30.056835 206f272c0           Options.merge_operator: None
2022/09/11-20:38:30.056836 206f272c0        Options.compaction_filter: filter_outdated
2022/09/11-20:38:30.056837 206f272c0        Options.compaction_filter_factory: None
2022/09/11-20:38:30.056838 206f272c0  Options.sst_partitioner_factory: None
2022/09/11-20:38:30.056838 206f272c0         Options.memtable_factory: SkipListFactory
2022/09/11-20:38:30.056839 206f272c0            Options.table_factory: BlockBasedTable
2022/09/11-20:38:30.056852 206f272c0            table_factory options:   flush_block_policy_factory: FlushBlockBySizePolicyFactory (0x7feb3ef53070)
  cache_index_and_filter_blocks: 0
  cache_index_and_filter_blocks_with_high_priority: 1
  pin_l0_filter_and_index_blocks_in_cache: 0
  pin_top_level_index_and_filter: 1
  index_type: 0
  data_block_index_type: 0
  index_shortening: 1
  data_block_hash_table_util_ratio: 0.750000
  hash_index_allow_collision: 1
  checksum: 1
  no_block_cache: 0
  block_cache: 0x7feb3ef530b8
  block_cache_name: LRUCache
  block_cache_options:
    capacity : 8388608
    num_shard_bits : 4
    strict_capacity_limit : 0
    memory_allocator : None
    high_pri_pool_ratio: 0.000
  block_cache_compressed: 0x0
  persistent_cache: 0x0
  block_size: 4096
  block_size_deviation: 10
  block_restart_interval: 16
  index_block_restart_interval: 1
  metadata_block_size: 4096
  partition_filters: 0
  use_delta_encoding: 1
  filter_policy: nullptr
  whole_key_filtering: 1
  verify_compression: 0
  read_amp_bytes_per_bit: 0
  format_version: 4
  enable_index_compression: 1
  block_align: 0
2022/09/11-20:38:30.056853 206f272c0        Options.write_buffer_size: 67108864
2022/09/11-20:38:30.056854 206f272c0  Options.max_write_buffer_number: 2
2022/09/11-20:38:30.056855 206f272c0          Options.compression: NoCompression
2022/09/11-20:38:30.056856 206f272c0                  Options.bottommost_compression: Disabled
2022/09/11-20:38:30.056856 206f272c0       Options.prefix_extractor: nullptr
2022/09/11-20:38:30.056857 206f272c0   Options.memtable_insert_with_hint_prefix_extractor: nullptr
2022/09/11-20:38:30.056858 206f272c0             Options.num_levels: 7
2022/09/11-20:38:30.056859 206f272c0        Options.min_write_buffer_number_to_merge: 1
2022/09/11-20:38:30.056860 206f272c0     Options.max_write_buffer_number_to_maintain: 0
2022/09/11-20:38:30.056860 206f272c0     Options.max_write_buffer_size_to_maintain: 0
2022/09/11-20:38:30.056861 206f272c0            Options.bottommost_compression_opts.window_bits: -14
2022/09/11-20:38:30.056862 206f272c0                  Options.bottommost_compression_opts.level: 32767
2022/09/11-20:38:30.056863 206f272c0               Options.bottommost_compression_opts.strategy: 0
2022/09/11-20:38:30.056864 206f272c0         Options.bottommost_compression_opts.max_dict_bytes: 0
2022/09/11-20:38:30.056864 206f272c0         Options.bottommost_compression_opts.zstd_max_train_bytes: 0
2022/09/11-20:38:30.056865 206f272c0         Options.bottommost_compression_opts.parallel_threads: 1
2022/09/11-20:38:30.056866 206f272c0                  Options.bottommost_compression_opts.enabled: false
2022/09/11-20:38:30.056867 206f272c0            Options.compression_opts.window_bits: -14
2022/09/11-20:38:30.056868 206f272c0                  Options.compression_opts.level: 32767
2022/09/11-20:38:30.056868 206f272c0               Options.compression_opts.strategy: 0
2022/09/11-20:38:30.056869 206f272c0         Options.compression_opts.max_dict_bytes: 0
2022/09/11-20:38:30.056870 206f272c0         Options.compression_opts.zstd_max_train_bytes: 0
2022/09/11-20:38:30.056871 206f272c0         Options.compression_opts.parallel_threads: 1
2022/09/11-20:38:30.056872 206f272c0                  Options.compression_opts.enabled: false
2022/09/11-20:38:30.056872 206f272c0      Options.level0_file_num_compaction_trigger: 4
2022/09/11-20:38:30.056879 206f272c0          Options.level0_slowdown_writes_trigger: 20
2022/09/11-20:38:30.056880 206f272c0              Options.level0_stop_writes_trigger: 36
2022/09/11-20:38:30.056881 206f272c0                   Options.target_file_size_base: 67108864
2022/09/11-20:38:30.056882 206f272c0             Options.target_file_size_multiplier: 1
2022/09/11-20:38:30.056883 206f272c0                Options.max_bytes_for_level_base: 268435456
2022/09/11-20:38:30.056884 206f272c0 Options.level_compaction_dynamic_level_bytes: 0
2022/09/11-20:38:30.056884 206f272c0          Options.max_bytes_for_level_multiplier: 10.000000
2022/09/11-20:38:30.056885 206f272c0 Options.max_bytes_for_level_multiplier_addtl[0]: 1
2022/09/11-20:38:30.056886 206f272c0 Options.max_bytes_for_level_multiplier_addtl[1]: 1
2022/09/11-20:38:30.056887 206f272c0 Options.max_bytes_for_level_multiplier_addtl[2]: 1
2022/09/11-20:38:30.056888 206f272c0 Options.max_bytes_for_level_multiplier_addtl[3]: 1
2022/09/11-20:38:30.056889 206f272c0 Options.max_bytes_for_level_multiplier_addtl[4]: 1
2022/09/11-20:38:30.056889 206f272c0 Options.max_bytes_for_level_multiplier_addtl[5]: 1
2022/09/11-20:38:30.056890 206f272c0 Options.max_bytes_for_level_multiplier_addtl[6]: 1
2022/09/11-20:38:30.056891 206f272c0       Options.max_sequential_skip_in_iterations: 8
2022/09/11-20:38:30.056892 206f272c0                    Options.max_compaction_bytes: 1677721600
2022/09/11-20:38:30.056893 206f272c0                        Options.arena_block_size: 8388608
2022/09/11-20:38:30.056893 206f272c0   Options.soft_pending_compaction_bytes_limit: 68719476736
2022/09/11-20:38:30.056894 206f272c0   Options.hard_pending_compaction_bytes_limit: 274877906944
2022/09/11-20:38:30.056895 206f272c0       Options.rate_limit_delay_max_milliseconds: 100
2022/09/11-20:38:30.056896 206f272c0                Options.disable_auto_compactions: 1
2022/09/11-20:38:30.056897 206f272c0                        Options.compaction_style: kCompactionStyleLevel
2022/09/11-20:38:30.056897 206f272c0                          Options.compaction_pri: kMinOverlappingRatio
2022/09/11-20:38:30.056898 206f272c0 Options.compaction_options_universal.size_ratio: 1
2022/09/11-20:38:30.056899 206f272c0 Options.compaction_options_universal.min_merge_width: 2
2022/09/11-20:38:30.056900 206f272c0 Options.compaction_options_universal.max_merge_width: 4294967295
2022/09/11-20:38:30.056901 206f272c0 Options.compaction_options_universal.max_size_amplification_percent: 200
2022/09/11-20:38:30.056902 206f272c0 Options.compaction_options_universal.compression_size_percent: -1
2022/09/11-20:38:30.056903 206f272c0 Options.compaction_options_universal.stop_style: kCompactionStopStyleTotalSize
2022/09/11-20:38:30.056903 206f272c0 Options.compaction_options_fifo.max_table_files_size: 1073741824
2022/09/11-20:38:30.056904 206f272c0 Options.compaction_options_fifo.allow_compaction: 0
2022/09/11-20:38:30.056905 206f272c0                   Options.table_properties_collectors: 
2022/09/11-20:38:30.056906 206f272c0                   Options.inplace_update_support: 0
2022/09/11-20:38:30.056907 206f272c0                 Options.inplace_update_num_locks: 10000
2022/09/11-20:38:30.056907 206f272c0               Options.memtable_prefix_bloom_size_ratio: 0.000000
2022/09/11-20:38:30.056908 206f272c0               Options.memtable_whole_key_filtering: 0
2022/09/11-20:38:30.056909 206f272c0   Options.memtable_huge_page_size: 0
2022/09/11-20:38:30.056910 206f272c0                           Options.bloom_locality: 0
2022/09/11-20:38:30.056911 206f272c0                    Options.max_successive_merges: 0
2022/09/11-20:38:30.056912 206f272c0                Options.optimize_filters_for_hits: 0
2022/09/11-20:38:30.056912 206f272c0                Options.paranoid_file_checks: 0
2022/09/11-20:38:30.056913 206f272c0                Options.force_consistency_checks: 0
2022/09/11-20:38:30.056914 206f272c0                Options.report_bg_io_stats: 0
2022/09/11-20:38:30.056915 206f272c0                               Options.ttl: 2592000
2022/09/11-20:38:30.056915 206f272c0          Options.periodic_compaction_seconds: 2592000
2022/09/11-20:38:30.056944 206f272c0 [db/db_impl/db_impl.cc:2563] Created column family [CES] (ID 2)
2022/09/11-20:38:30.059014 206f272c0 [db/db_impl/db_impl_open.cc:1639] SstFileManager instance 0x7feb3ef54b30
2022/09/11-20:38:30.059035 206f272c0 DB pointer 0x7feb3f0ad400
2022/09/11-20:38:31.064313 3148f6000 [db/db_impl/db_impl.cc:899] ------- DUMPING STATS -------
2022/09/11-20:38:31.064334 3148f6000 [db/db_impl/db_impl.cc:900] 
** DB Stats **
Uptime(secs): 1.0 total, 1.0 interval
Cumulative writes: 2 writes, 2 keys, 2 commit groups, 0.7 writes per commit group, ingest: 0.00 GB, 0.00 MB/s
Cumulative WAL: 2 writes, 0 syncs, 2.00 writes per sync, written: 0.00 GB, 0.00 MB/s
Cumulative stall: 00:00:0.000 H:M:S, 0.0 percent
Interval writes: 2 writes, 2 keys, 2 commit groups, 0.7 writes per commit group, ingest: 0.00 MB, 0.00 MB/s
Interval WAL: 2 writes, 0 syncs, 2.00 writes per sync, written: 0.00 MB, 0.00 MB/s
Interval stall: 00:00:0.000 H:M:S, 0.0 percent

** Compaction Stats [default] **
Level    Files   Size     Score Read(GB)  Rn(GB) Rnp1(GB) Write(GB) Wnew(GB) Moved(GB) W-Amp Rd(MB/s) Wr(MB/s) Comp(sec) CompMergeCPU(sec) Comp(cnt) Avg(sec) KeyIn KeyDrop
----------------------------------------------------------------------------------------------------------------------------------------------------------------------------
 Sum      0/0    0.00 KB   0.0      0.0     0.0      0.0       0.0      0.0       0.0   0.0      0.0      0.0      0.00              0.00         0    0.000       0      0
 Int      0/0    0.00 KB   0.0      0.0     0.0      0.0       0.0      0.0       0.0   0.0      0.0      0.0      0.00              0.00         0    0.000       0      0

** Compaction Stats [default] **
Priority    Files   Size     Score Read(GB)  Rn(GB) Rnp1(GB) Write(GB) Wnew(GB) Moved(GB) W-Amp Rd(MB/s) Wr(MB/s) Comp(sec) CompMergeCPU(sec) Comp(cnt) Avg(sec) KeyIn KeyDrop
-------------------------------------------------------------------------------------------------------------------------------------------------------------------------------
Uptime(secs): 1.0 total, 1.0 interval
Flush(GB): cumulative 0.000, interval 0.000
AddFile(GB): cumulative 0.000, interval 0.000
AddFile(Total Files): cumulative 0, interval 0
AddFile(L0 Files): cumulative 0, interval 0
AddFile(Keys): cumulative 0, interval 0
Cumulative compaction: 0.00 GB write, 0.00 MB/s write, 0.00 GB read, 0.00 MB/s read, 0.0 seconds
Interval compaction: 0.00 GB write, 0.00 MB/s write, 0.00 GB read, 0.00 MB/s read, 0.0 seconds
Stalls(count): 0 level0_slowdown, 0 level0_slowdown_with_compaction, 0 level0_numfiles, 0 level0_numfiles_with_compaction, 0 stop for pending_compaction_bytes, 0 slowdown for pending_compaction_bytes, 0 memtable_compaction, 0 memtable_slowdown, interval 0 total count

** File Read Latency Histogram By Level [default] **

** Compaction Stats [CE] **
Level    Files   Size     Score Read(GB)  Rn(GB) Rnp1(GB) Write(GB) Wnew(GB) Moved(GB) W-Amp Rd(MB/s) Wr(MB/s) Comp(sec) CompMergeCPU(sec) Comp(cnt) Avg(sec) KeyIn KeyDrop
----------------------------------------------------------------------------------------------------------------------------------------------------------------------------
 Sum      0/0    0.00 KB   0.0      0.0     0.0      0.0       0.0      0.0       0.0   0.0      0.0      0.0      0.00              0.00         0    0.000       0      0
 Int      0/0    0.00 KB   0.0      0.0     0.0      0.0       0.0      0.0       0.0   0.0      0.0      0.0      0.00              0.00         0    0.000       0      0

** Compaction Stats [CE] **
Priority    Files   Size     Score Read(GB)  Rn(GB) Rnp1(GB) Write(GB) Wnew(GB) Moved(GB) W-Amp Rd(MB/s) Wr(MB/s) Comp(sec) CompMergeCPU(sec) Comp(cnt) Avg(sec) KeyIn KeyDrop
-------------------------------------------------------------------------------------------------------------------------------------------------------------------------------
Uptime(secs): 1.0 total, 1.0 interval
Flush(GB): cumulative 0.000, interval 0.000
AddFile(GB): cumulative 0.000, interval 0.000
AddFile(Total Files): cumulative 0, interval 0
AddFile(L0 Files): cumulative 0, interval 0
AddFile(Keys): cumulative 0, interval 0
Cumulative compaction: 0.00 GB write, 0.00 MB/s write, 0.00 GB read, 0.00 MB/s read, 0.0 seconds
Interval compaction: 0.00 GB write, 0.00 MB/s write, 0.00 GB read, 0.00 MB/s read, 0.0 seconds
Stalls(count): 0 level0_slowdown, 0 level0_slowdown_with_compaction, 0 level0_numfiles, 0 level0_numfiles_with_compaction, 0 stop for pending_compaction_bytes, 0 slowdown for pending_compaction_bytes, 0 memtable_compaction, 0 memtable_slowdown, interval 0 total count

** File Read Latency Histogram By Level [CE] **

** Compaction Stats [CES] **
Level    Files   Size     Score Read(GB)  Rn(GB) Rnp1(GB) Write(GB) Wnew(GB) Moved(GB) W-Amp Rd(MB/s) Wr(MB/s) Comp(sec) CompMergeCPU(sec) Comp(cnt) Avg(sec) KeyIn KeyDrop
----------------------------------------------------------------------------------------------------------------------------------------------------------------------------
 Sum      0/0    0.00 KB   0.0      0.0     0.0      0.0       0.0      0.0       0.0   0.0      0.0      0.0      0.00              0.00         0    0.000       0      0
 Int      0/0    0.00 KB   0.0      0.0     0.0      0.0       0.0      0.0       0.0   0.0      0.0      0.0      0.00              0.00         0    0.000       0      0

** Compaction Stats [CES] **
Priority    Files   Size     Score Read(GB)  Rn(GB) Rnp1(GB) Write(GB) Wnew(GB) Moved(GB) W-Amp Rd(MB/s) Wr(MB/s) Comp(sec) CompMergeCPU(sec) Comp(cnt) Avg(sec) KeyIn KeyDrop
-------------------------------------------------------------------------------------------------------------------------------------------------------------------------------
Uptime(secs): 1.0 total, 1.0 interval
